%%%%%%%%%%%%%%%%%%%%%%%%%%%%%%%%%%%%%%%%%%%%%%%%%%%%%%%%%%%%%%%%%%%%%%%%%%%
%% - set_mbd_params -
%%% 機能　①データファイルの読み込み
%%%%%%%%%%%%%%%%%%%%%%%%%%%%%%%%%%%%%%%%%%%%%%%%%%%%%%%%%%%%%%%%%%%%%%%%%%%

%% ①データファイルの読み込み

%*********************************燃料消費率マップ*****************************

% 燃料消費率マップ x-エンジン回転数 [rpm]
ENG_PNT_FuelCon_gps_map_x_pri_rpm = [500,1000,1500,2000,2500,3000,3500,4000,4500,5000,5500,6000,6500];

% 燃料消費率マップ y-エンジン軸トルク [Nm]
% ENG_PNT_FuelCon_gps_map_y_trq_Nm = [0, 30,   60,   90,  120,   150,   180,   200];
ENG_PNT_FuelCon_gps_map_y_trq_Nm =  [0, 22.5, 45.0, 67.5, 90.0, 112.5, 135.0, 150.0]; %ベース*3/4

% 燃料消費率マップ [g/sec]
% ENG_PNT_FuelCon_gps_map = [
% 0.0 ,0.0 ,0.0 ,0.0 ,0.0 ,0.0 ,0.0 ,0.0 ,0.0 ,0.0 ,0.0 ,0.0 ,0.0 ;
% 0.20 ,0.35 ,0.52 ,0.70 ,0.87 ,1.05 ,1.22 ,1.40 ,1.57 ,1.75 ,1.92 ,2.09 ,2.84 ;
% 0.30 ,0.49 ,0.73 ,0.98 ,1.22 ,1.47 ,1.71 ,1.95 ,2.20 ,2.44 ,2.88 ,3.67 ,4.54 ;
% 0.34 ,0.67 ,1.00 ,1.31 ,1.67 ,2.04 ,2.38 ,2.83 ,3.18 ,3.67 ,4.32 ,5.50 ,6.81 ;
% 0.45 ,0.89 ,1.28 ,1.68 ,2.14 ,2.62 ,3.05 ,3.56 ,4.24 ,4.89 ,5.76 ,7.33 ,9.08 ;
% 0.57 ,1.13 ,1.60 ,2.09 ,2.67 ,3.21 ,3.74 ,4.36 ,5.30 ,6.11 ,7.20 ,9.16 ,11.34 ;
% 0.68 ,1.36 ,2.04 ,2.62 ,3.34 ,4.01 ,4.67 ,5.34 ,6.36 ,7.33 ,8.64 ,11.00 ,13.61 ;
% 0.74 ,1.47 ,2.21 ,2.95 ,3.69 ,4.42 ,5.16 ,5.90 ,6.89 ,7.94 ,9.36 ,11.91 ,14.75];
% 燃料消費率マップ [g/sec] %ベース*3/4
ENG_PNT_FuelCon_gps_map = [
0.0   , 0.0   , 0.0   , 0.0   , 0.0   , 0.0   , 0.0   , 0.0   , 0.0   , 0.0   , 0.0 , 0.0   ,  0.0   ;
0.15  , 0.2625, 0.39  , 0.525 , 0.6525, 0.7875, 0.915 , 1.05  , 1.1775, 1.3125, 1.44, 1.5675,  2.13  ;
0.225 , 0.3675, 0.5475, 0.735 , 0.915 , 1.1025, 1.2825, 1.4625, 1.65  , 1.83  , 2.16, 2.7525,  3.405 ;
0.255 , 0.5025, 0.75  , 0.9825, 1.2525, 1.53  , 1.785 , 2.1225, 2.385 , 2.7525, 3.24, 4.125 ,  5.1075;
0.3375, 0.6675, 0.96  , 1.26  , 1.605 , 1.965 , 2.2875, 2.67  , 3.18  , 3.6675, 4.32, 5.4975,  6.81  ;
0.4275, 0.8475, 1.2   , 1.5675, 2.0025, 2.4075, 2.805 , 3.27  , 3.975 , 4.5825, 5.4 , 6.87  ,  8.505 ;
0.51  , 1.02  , 1.53  , 1.965 , 2.505 , 3.0075, 3.5025, 4.005 , 4.77  , 5.4975, 6.48, 8.25  , 10.2075;
0.555 , 1.1025, 1.6575, 2.2125, 2.7675, 3.315 , 3.87  , 4.425 , 5.1675, 5.955 , 7.02, 8.9325, 11.0625 ];



%************************ENGトルクマップ*************************

%　エンジン軸トルクマップ x-エンジン回転数 [rpm]
ENG_PNT_trq_Nm_map_x_rpm = [500,1000,2000,3000,4000,5000,6000,6500];

% エンジン軸トルクマップ y-スロットル開度 [%]
ENG_PNT_trq_Nm_map_y_throttle = [0,5,10,20,30,40,50,100];

% エンジン軸トルクマップ [Nm]
% ENG_PNT_trq_Nm_map = [
% -5.0 ,-10.0 ,-15.0 ,-20.0 ,-25.0 ,-30.0 ,-35.0 ,-40.0 ;
% 47.0 ,58.2 ,24.5 ,0.0 ,-5.0 ,-10.0 ,-15.0 ,-20.0 ;
% 94.0 ,105.3 ,87.7 ,53.2 ,33.6 ,18.9 ,5.3 ,0.0 ;
% 116.0 ,133.3 ,154.3 ,140.8 ,125.5 ,103.5 ,73.9 ,63.2 ;
% 116.0 ,134.7 ,168.6 ,169.5 ,167.8 ,155.6 ,121.2 ,106.0 ;
% 116.0 ,135.5 ,174.5 ,179.3 ,180.6 ,169.2 ,138.5 ,127.0 ;
% 116.0 ,136.2 ,175.4 ,181.8 ,186.2 ,182.0 ,151.1 ,134.0 ;
% 116.0 ,139.9 ,177.9 ,187.5 ,191.0 ,194.1 ,161.8 ,150.0 ];

% エンジン軸トルクマップ [Nm]
ENG_PNT_trq_Nm_map = [
-3.75,  -7.5  , -11.25 , -15.0  , -18.75 , -22.5  , -26.25 , -30.0 ;
35.25,  43.65 ,  18.375,   0.0  ,  -3.75 ,  -7.5  , -11.25 , -15.0 ;
70.5 ,  78.975,  65.775,  39.9  ,  25.2  ,  14.175,   3.975,   0.0 ;
87.0 ,  99.975, 115.725, 105.6  ,  94.125,  77.625,  55.425,  47.4 ;
87.0 , 101.025, 126.45 , 127.125, 125.85 , 116.7  ,  90.9  ,  79.5 ;
87.0 , 101.625, 130.875, 134.475, 135.45 , 126.9  , 103.875,  95.25;
87.0 , 102.15 , 131.55 , 136.35 , 139.65 , 136.5  , 113.325, 100.5 ;
87.0 , 104.925, 133.425, 140.625, 143.25 , 145.575, 121.35 , 112.5  ];



%**********************トルク変動テーブル[Nm]**********************
%トルク変動テーブル x-点火時期[BTDC]
ENG_PNT_trq_fluc_Nm_table_x_spk_tim = [-5:5];
%トルク変動テーブル[Nm]
ENG_PNT_trq_fluc_Nm_table = [-5:5];



%*******************熱マネ関連**********************************
%エンジン冷却水への熱量
ENG_PNT_Heatflux2Cylinder_Head_W            = [0 0;0 0]; %シリンダヘッドへの伝達熱量マップ[W]
ENG_PNT_Heatflux2Cylinder_Head_W_x_rpm      = [-1 1];    %このマップのx軸　エンジン回転数[rpm]
ENG_PNT_Heatflux2Cylinder_Head_W_y_trq      = [-1 1];    %このマップのy軸　エンジントルク[Nm]
%冷間時の熱量増加ゲイン
ENG_PNT_Heatflux2Cylinder_Head_gain         = [1 1];     %冷間時にシリンダヘッドへ伝達される熱量の増加ゲイン
ENG_PNT_Heatflux2Cylinder_Head_gain_x_T_Coolant = [-1 1];%このテーブルのx軸　シリンダヘッド温度[℃]

%エンジンオイルへの熱量
ENG_PNT_Heatflux2ENGOil_W             = [0 0;0 0]; %エンジンオイルへの伝達熱量マップ[W]
ENG_PNT_Heatflux2ENGOil_W_x_rpm       = [-1 1];    %このマップのx軸　エンジン回転数[rpm]
ENG_PNT_Heatflux2ENGOil_W_y_trq       = [-1 1];    %このマップのy軸　エンジントルク[Nm]
%冷間時の熱量増加ゲイン
ENG_PNT_Heatflux2ENGOil_gain          = [1 1];     %冷間時にエンジンオイルへ伝達される熱量の増加ゲイン
ENG_PNT_Heatflux2ENGOil_gain_x_T_ENGOil = [-1 1];  %このテーブルのx軸　エンジンオイル温度[℃]

%冷間時のフリクション増加ゲイン
ENG_PNT_Cold_friction_gain            = [ 3.0,3.0,1.5,1.0,1.0];  %冷間時に増加するフリクションのゲイン　1でHOT時のフリクション
ENG_PNT_Cold_friction_gain_x_T_ENGOil = [   0, 20, 40, 60, 80];  %このテーブルのx軸　エンジンオイル温度[℃]

