





CONST_CL_NUM         = 11;	
CONST_SYN_NUM        = 0;		



MAT_CL_ENGAGE = [
	0, 0, 0, 0, 0, 0, 0, 0, 0, 0, 0, 1;	
	0, 1, 0, 0, 0, 0, 0, 0, 0, 0, 0, 0;	
	0, 0, 1, 0, 0, 0, 0, 0, 0, 0, 0, 0;	
	0, 0, 0, 1, 0, 0, 0, 0, 0, 0, 0, 0;	
	0, 0, 0, 0, 1, 0, 0, 0, 0, 0, 0, 0;	
	0, 0, 0, 0, 0, 1, 0, 0, 0, 0, 0, 0;	
	0, 0, 0, 0, 0, 0, 1, 0, 0, 0, 0, 0;	
	0, 0, 0, 0, 0, 0, 0, 1, 0, 0, 0, 0;	
	0, 0, 0, 0, 0, 0, 0, 0, 1, 0, 0, 0;	
	0, 0, 0, 0, 0, 0, 0, 0, 0, 1, 0, 0;	
	0, 0, 2, 2, 2, 2, 2, 2, 2, 2, 2, 0];	



MAT_CL_SHARE_RATE = [
	0, 0, 0, 0, 0, 0, 0, 0, 0, 0, 0, 1;	
	0, 1, 0, 0, 0, 0, 0, 0, 0, 0, 0, 0;	
	0, 0, 1, 0, 0, 0, 0, 0, 0, 0, 0, 0;	
	0, 0, 0, 1, 0, 0, 0, 0, 0, 0, 0, 0;	
	0, 0, 0, 0, 1, 0, 0, 0, 0, 0, 0, 0;	
	0, 0, 0, 0, 0, 1, 0, 0, 0, 0, 0, 0;	
	0, 0, 0, 0, 0, 0, 1, 0, 0, 0, 0, 0;	
	0, 0, 0, 0, 0, 0, 0, 1, 0, 0, 0, 0;	
	0, 0, 0, 0, 0, 0, 0, 0, 1, 0, 0, 0;	
	0, 0, 0, 0, 0, 0, 0, 0, 0, 1, 0, 0;	
	1, 1, 1, 1, 1, 1, 1, 1, 1, 1, 1, 1];	



MAT_SYNCHRO_COM = [
	0, 0, 0, 0, 0, 0, 0, 0, 0, 0, 0, 0;
	0, 0, 0, 0, 0, 0, 0, 0, 0, 0, 0, 0;
	0, 0, 0, 0, 0, 0, 0, 0, 0, 0, 0, 0;
	0, 0, 0, 0, 0, 0, 0, 0, 0, 0, 0, 0;
	0, 0, 0, 0, 0, 0, 0, 0, 0, 0, 0, 0;
	0, 0, 0, 0, 0, 0, 0, 0, 0, 0, 0, 0;
	0, 0, 0, 0, 0, 0, 0, 0, 0, 0, 0, 0;
	0, 0, 0, 0, 0, 0, 0, 0, 0, 0, 0, 0;
	0, 0, 0, 0, 0, 0, 0, 0, 0, 0, 0, 0;
	0, 0, 0, 0, 0, 0, 0, 0, 0, 0, 0, 0;
	0, 0, 0, 0, 0, 0, 0, 0, 0, 0, 0, 0];




MAT_TRANS_MGR = [

	0.0000000,	5.3540000,	3.2430000,	2.2520000,	1.6360000,	1.2110000,	1.0000000,	0.8650000,	0.7170000,	0.6010000,	0.5000000,	-4.7980000];




T2D_V_SFT_12_X = [	0.0 	,	20.0 	,	30.0 	,	40.0 	,	50.0 	,	60.0 	,	70.0 	,	80.0 	,	90.0 	,	100.0 	];
T2D_V_SFT_12_Y = [	16.0 	,	16.0 	,	16.0 	,	18.0 	,	21.0 	,	24.0 	,	34.0 	,	43.0 	,	43.0 	,	43.0 	];
T2D_V_SFT_21_X = [	0.0 	,	20.0 	,	30.0 	,	40.0 	,	50.0 	,	60.0 	,	75.0 	,	80.0 	,	90.0 	,	100.0 	];
T2D_V_SFT_21_Y = [	-6.1 	,	-6.1 	,	-6.1 	,	-6.1 	,	-6.1 	,	-6.1 	,	-6.1 	,	-6.1 	,	-6.1 	,	-6.1 	];
T2D_V_SFT_23_X = [	0.0 	,	20.0 	,	30.0 	,	40.0 	,	50.0 	,	60.0 	,	70.0 	,	80.0 	,	90.0 	,	100.0 	];
T2D_V_SFT_23_Y = [	22.0 	,	22.0 	,	25.0 	,	30.0 	,	34.0 	,	38.0 	,	57.0 	,	73.0 	,	73.0 	,	73.0 	];
T2D_V_SFT_32_X = [	0.0 	,	20.0 	,	30.0 	,	40.0 	,	50.0 	,	60.0 	,	75.0 	,	89.0 	,	90.0 	,	100.0 	];
T2D_V_SFT_32_Y = [	16.9 	,	16.9 	,	16.9 	,	16.9 	,	17.4 	,	20.8 	,	27.1 	,	50.7 	,	63.3 	,	63.3 	];
T2D_V_SFT_34_X = [	0.0 	,	20.0 	,	30.0 	,	40.0 	,	50.0 	,	60.0 	,	70.0 	,	80.0 	,	90.0 	,	100.0 	];
T2D_V_SFT_34_Y = [	31.0 	,	31.0 	,	35.0 	,	42.0 	,	48.0 	,	55.0 	,	81.0 	,	108.0 	,	108.0 	,	108.0 	];
T2D_V_SFT_43_X = [	0.0 	,	20.0 	,	30.0 	,	40.0 	,	50.0 	,	60.0 	,	75.0 	,	89.0 	,	90.0 	,	100.0 	];
T2D_V_SFT_43_Y = [	23.4 	,	23.4 	,	23.4 	,	23.4 	,	23.4 	,	27.6 	,	34.9 	,	72.9 	,	91.2 	,	91.2 	];
T2D_V_SFT_45_X = [	0.0 	,	20.0 	,	30.0 	,	40.0 	,	50.0 	,	60.0 	,	70.0 	,	80.0 	,	90.0 	,	100.0 	];
T2D_V_SFT_45_Y = [	44.0 	,	44.0 	,	48.0 	,	57.0 	,	66.0 	,	74.0 	,	111.0 	,	142.0 	,	142.0 	,	142.0 	];
T2D_V_SFT_54_X = [	0.0 	,	20.0 	,	30.0 	,	40.0 	,	50.0 	,	60.0 	,	75.0 	,	89.0 	,	90.0 	,	100.0 	];
T2D_V_SFT_54_Y = [	38.4 	,	38.4 	,	38.4 	,	38.4 	,	38.4 	,	38.4 	,	47.7 	,	100.4 	,	125.5 	,	125.5 	];
T2D_V_SFT_56_X = [	0.0 	,	20.0 	,	30.0 	,	40.0 	,	50.0 	,	60.0 	,	70.0 	,	80.0 	,	90.0 	,	100.0 	];
T2D_V_SFT_56_Y = [	55.0 	,	55.0 	,	64.0 	,	71.2 	,	78.0 	,	101.0 	,	140.0 	,	176.0 	,	176.0 	,	176.0 	];
T2D_V_SFT_65_X = [	0.0 	,	20.0 	,	30.0 	,	40.0 	,	50.0 	,	60.0 	,	75.0 	,	89.0 	,	90.0 	,	100.0 	];
T2D_V_SFT_65_Y = [	52.2 	,	52.2 	,	52.2 	,	52.2 	,	52.2 	,	52.2 	,	71.2 	,	135.7 	,	152.6 	,	152.6 	];
T2D_V_SFT_67_X = [	0.0 	,	20.0 	,	30.0 	,	40.0 	,	50.0 	,	60.0 	,	70.0 	,	80.0 	,	90.0 	,	100.0 	];
T2D_V_SFT_67_Y = [	69.0 	,	69.0 	,	71.0 	,	82.1 	,	94.5 	,	121.0 	,	165.0 	,	210.0 	,	210.0 	,	210.0 	];
T2D_V_SFT_76_X = [	0.0 	,	20.0 	,	30.0 	,	40.0 	,	50.0 	,	60.0 	,	75.0 	,	89.0 	,	90.0 	,	100.0 	];
T2D_V_SFT_76_Y = [	65.9 	,	65.9 	,	65.9 	,	65.9 	,	65.9 	,	65.9 	,	86.2 	,	184.8 	,	184.8 	,	184.8 	];
T2D_V_SFT_78_X = [	0.0 	,	20.0 	,	30.0 	,	40.0 	,	50.0 	,	60.0 	,	70.0 	,	80.0 	,	90.0 	,	100.0 	];
T2D_V_SFT_78_Y = [	78.0 	,	78.0 	,	81.0 	,	90.2 	,	99.7 	,	128.2 	,	195.0 	,	245.0 	,	245.0 	,	245.0 	];
T2D_V_SFT_87_X = [	0.0 	,	20.0 	,	30.0 	,	40.0 	,	50.0 	,	60.0 	,	75.0 	,	89.0 	,	90.0 	,	100.0 	];
T2D_V_SFT_87_Y = [	74.9 	,	74.9 	,	74.9 	,	74.9 	,	74.9 	,	74.9 	,	104.5 	,	213.6 	,	213.6 	,	213.6 	];
T2D_V_SFT_89_X = [	0.0 	,	20.0 	,	30.0 	,	40.0 	,	50.0 	,	60.0 	,	70.0 	,	80.0 	,	90.0 	,	100.0 	];
T2D_V_SFT_89_Y = [	92.0 	,	92.0 	,	100.0 	,	108.8 	,	140.0 	,	180.0 	,	230.0 	,	280.0 	,	280.0 	,	280.0 	];
T2D_V_SFT_98_X = [	0.0 	,	20.0 	,	30.0 	,	40.0 	,	50.0 	,	60.0 	,	75.0 	,	89.0 	,	90.0 	,	100.0 	];
T2D_V_SFT_98_Y = [	88.9 	,	88.9 	,	88.9 	,	88.9 	,	88.9 	,	88.9 	,	143.2 	,	257.8 	,	257.8 	,	257.8 	];
T2D_V_SFT_9A_X = [	0.0 	,	20.0 	,	30.0 	,	40.0 	,	50.0 	,	60.0 	,	70.0 	,	80.0 	,	90.0 	,	100.0 	];
T2D_V_SFT_9A_Y = [	500.0 	,	500.0 	,	500.0 	,	500.0 	,	500.0 	,	500.0 	,	500.0 	,	500.0 	,	500.0 	,	500.0 	];
T2D_V_SFT_A9_X = [	0.0 	,	20.0 	,	30.0 	,	40.0 	,	50.0 	,	60.0 	,	75.0 	,	80.0 	,	90.0 	,	100.0 	];
T2D_V_SFT_A9_Y = [	416.0 	,	416.0 	,	416.0 	,	416.0 	,	416.0 	,	416.0 	,	416.0 	,	416.0 	,	416.0 	,	416.0 	];

T2D_V_SGR_1U_X = [
	0, 10, 20, 30, 40, 50, 60, 70, 80, 90];
T2D_V_SGR_1U_Y = [
	30, 30, 5, 5, 5, 5, 5, 5, 5, 5];
T2D_V_SGR_2U_X = [
	0, 10, 20, 30, 40, 50, 60, 70, 80, 90];
T2D_V_SGR_2U_Y = [
	45, 45, 16, 16, 21, 26, 31, 36, 41, 41];
T2D_V_SGR_3U_X = [
	0, 10, 20, 30, 40, 50, 60, 70, 80, 90];
T2D_V_SGR_3U_Y = [
	60, 60, 31, 31, 36, 41, 51, 61, 71, 71];
T2D_V_SGR_4U_X = [
	0, 10, 20, 30, 40, 50, 60, 70, 80, 90];
T2D_V_SGR_4U_Y = [
	70, 70, 41, 41, 51, 61, 71, 86, 101, 101];
T2D_V_SGR_5U_X = [
	0, 10, 20, 30, 40, 50, 60, 70, 80, 90];
T2D_V_SGR_5U_Y = [
	90, 90, 61, 61, 71, 86, 101, 121, 136, 136];
T2D_V_SGR_6U_X = [
	0, 10, 20, 30, 40, 50, 60, 70, 80, 90];
T2D_V_SGR_6U_Y = [
	105, 105, 76, 76, 91, 111, 131, 151, 171, 171];
T2D_V_SGR_7U_X = [
	0, 10, 20, 30, 40, 50, 60, 70, 80, 90];
T2D_V_SGR_7U_Y = [
	120, 120, 91, 91, 111, 131, 161, 181, 201, 201];
T2D_V_SGR_8U_X = [
	0, 10, 20, 30, 40, 50, 60, 70, 80, 90];
T2D_V_SGR_8U_Y = [
	120, 120, 91, 91, 111, 131, 161, 181, 201, 201];
T2D_V_SGR_9U_X = [
	0, 10, 20, 30, 40, 50, 60, 70, 80, 90];
T2D_V_SGR_9U_Y = [
	120, 120, 91, 91, 111, 131, 161, 181, 201, 201];
T2D_V_SGR_10U_X = [
	0, 10, 20, 30, 40, 50, 60, 70, 80, 90];
T2D_V_SGR_10U_Y = [
	120, 120, 91, 91, 111, 131, 161, 181, 201, 201];
T2D_V_SGR_10D_X = [
	0, 10, 20, 30, 40, 50, 60, 70, 80, 90];
T2D_V_SGR_10D_Y = [
	110, 110, 85, 85, 105, 125, 145, 170, 195, 195];
T2D_V_SGR_9D_X = [
	0, 10, 20, 30, 40, 50, 60, 70, 80, 90];
T2D_V_SGR_9D_Y = [
	110, 110, 85, 85, 105, 125, 145, 170, 195, 195];
T2D_V_SGR_8D_X = [
	0, 10, 20, 30, 40, 50, 60, 70, 80, 90];
T2D_V_SGR_8D_Y = [
	110, 110, 85, 85, 105, 125, 145, 170, 195, 195];
T2D_V_SGR_7D_X = [
	0, 10, 20, 30, 40, 50, 60, 70, 80, 90];
T2D_V_SGR_7D_Y = [
	110, 110, 85, 85, 105, 125, 145, 170, 195, 195];
T2D_V_SGR_6D_X = [
	0, 10, 20, 30, 40, 50, 60, 70, 80, 90];
T2D_V_SGR_6D_Y = [
	95, 95, 70, 70, 85, 100, 118, 137, 160, 165];
T2D_V_SGR_5D_X = [
	0, 10, 20, 30, 40, 50, 60, 70, 80, 90];
T2D_V_SGR_5D_Y = [
	73, 73, 48, 48, 60, 73, 87, 105, 125, 130];
T2D_V_SGR_4D_X = [
	0, 10, 20, 30, 40, 50, 60, 70, 80, 90];
T2D_V_SGR_4D_Y = [
	63, 63, 38, 38, 44, 55, 65, 77, 90, 95];
T2D_V_SGR_3D_X = [
	0, 10, 20, 30, 40, 50, 60, 70, 80, 90];
T2D_V_SGR_3D_Y = [
	52, 52, 27, 27, 33, 39, 45, 52, 59, 65];
T2D_V_SGR_2D_X = [
	0, 10, 20, 30, 40, 50, 60, 70, 80, 90];
T2D_V_SGR_2D_Y = [
	42, 42, 17, 17, 17, 17, 17, 23, 28, 35];
T2D_V_SGR_1D_X = [
	0, 10, 20, 30, 40, 50, 60, 70, 80, 90];
T2D_V_SGR_1D_Y = [
	30, 30, 10, 10, 10, 10, 10, 10, 10, 10];

MAT_T_GEAR_SUB_NEWTRAL = [
	0, 100, 200, 300, 400, 500, 600, 700, 100, 100, 100];

CONST_AP_GEAR_SUB_NEWTRAL = 20;




T2DX_R_SLIP_G1_X = [
	0, 250, 500, 750, 1000, 2000, 3000, 4000, 10000];
T2DX_R_SLIP_G1_Y = [
	0, 1, 2, 3, 4, 5, 6, 7, 8];
